20300201
20270101
20251001
20250616
20250501
20250201
20240701
20240102
20221231
20221221
20221215
20221111
20221012
20221009
20220817
20220715
20220630
20220625
20220622
20220620
20220615
20220610
20220607
20220603
20220601
20220531
20220530
20220616
20220608
20220604
20220527
20220526
20220706
20220629
20220602
21200815
20230801
20230619
20230510
20230430
20230412
20230403
20230215
20230213
20230121
20230118
20230114
20230107
20230101
20221225
20221224
20221220
20221218
20221217
20221211
20221210
20221207
20221204
20221203
20221202
20221201
20221127
20221126
20221125
20221123
20221120
20221119
20221118
20221113
20221112
20221110
20221109
20221106
20221105
20221104
20221102
20221101
20221031
20221030
20221029
20221028
20221026
20221025
20221024
20221023
20221022
20221021
20221019
20221016
20221015
20221014
20221008
20221007
20221003
20221002
20221001
20220930
21210930
21091001
21090812
21070601
21070401
21060129
20240112
20240111
20240110
20240109
20240108
20240105
20240104
20240103
20220901
20220831
20220809
20220802
20220801
20220731
20220730
20220728
20220727
20220726
20220722
20220721
20220720
20220719
20220714
20220713
20220712
20220710
20220708
20220705
20220701
20220924
20220917
20220910
20220903
20220827
20220820
20220813
20220806
20220725
20220723
20220716
20220709
20220702
20220618
20220614
20220611
20220609
20220528
